-28.3071 284.5604 388.9223
40.7701 268.943	380.3872
-92.8311 364.4728 342.2761
74.9538	347.1131 278.6438 
-36.6173 353.0598 437.3794
-6.8477 336.3309 442.6411
30.7733	327.3131 441.0214
62.7326	326.9373 429.8878
-45.9561 322.9471 421.7574
-13.1585 307.2751 425.0257
21.9557	297.7911 425.8241
54.9315	296.3984 418.7769
-49.0718 298.8532 392.3415
-14.0708 285.8884 400.5728
19.8753	276.8843 397.6405
53.2486	278.5118 388.479
-50.2078 291.424 359.6447
-16.7842 276.1603 365.1786
18.8958	272.6983 362.8442
54.7497	277.4311 351.8033