12.23 -0.22 10.21
25 -0.32 23.68
11.82 7.11 20.59
11.48 -8.04 20.54
17.19 -8.02 26.23
19.31 -9.37 23.47
19.31 -9.47 20.14
17.93 -9.22 16.99
22.26 -7.83 23.95
20.37 -7.03 26.76
21.01 -7.92 17.38
22.23 -7.95 20.59
22.98 -4.89 27.53
24.33 -5.16 23.97
24.48 -5.47 20.65
23.26 -5.53 17.57
25.38 -1.67 23.86
24.19 -1.61 27.37
24.6 -2.48 17.26
25.49 -2.1 20.5
24.28 1.11 26.78
25.61 0.68 23.3
25.52 0.59 19.92
24.78 0.27 16.65
24.84 3.89 22.73
23.67 4.52 26.55
23.96 3.04 16.17
24.94 4 19.52
21.18 6.6 25.62
22.74 6.14 22.31
22.46 5.91 18.83
21.36 5.41 15.77
19.99 8.09 21.72
18.35 7.27 24.85
18.38 6.79 15.5
19.7 7.34 18.52